#  L 		 TT 		 EE 		 BB 		 TE 		 TB 		 EB
   2    -9.40302e-01     1.06505e-01     4.47862e-02    -2.89906e-01     1.95916e-06    -1.79469e-01
   3    -1.07953e+00     1.09356e-01     4.62761e-02    -2.80850e-01     1.31535e-05    -1.55141e-01
   4    -1.21081e+00     1.13141e-01     4.82732e-02    -2.67457e-01     5.17507e-05    -1.22318e-01
   5    -1.29449e+00     1.17830e-01     5.07785e-02    -2.48610e-01     1.52581e-04    -8.07807e-02
   6    -1.28897e+00     1.23368e-01     5.37823e-02    -2.22943e-01     3.70680e-04    -3.04035e-02
   7    -1.15486e+00     1.29661e-01     5.72577e-02    -1.88886e-01     7.80344e-04     2.87304e-02
   8    -5.97876e+01     9.50608e+00     4.25654e+00    -1.00745e+01     1.02195e-01     6.69516e+00
   9    -1.55963e+01     5.94390e+00     2.70052e+00    -3.66749e+00     1.04086e-01     7.06344e+00
  10     8.11507e+00     4.08560e+00     1.88391e+00    -5.26515e-01     1.07986e-01     6.78684e+00
  11     2.23111e+01     3.01751e+00     1.41180e+00     1.22014e+00     1.12869e-01     6.36845e+00
  12     3.17784e+01     2.36496e+00     1.12178e+00     2.32245e+00     1.18404e-01     5.96829e+00
  13     3.88405e+01     1.94578e+00     9.34267e-01     3.11763e+00     1.24091e-01     5.61634e+00
  14     4.47654e+01     1.66849e+00     8.09052e-01     3.77182e+00     1.29505e-01     5.31009e+00
  15     5.03925e+01     1.48538e+00     7.25000e-01     4.37996e+00     1.34306e-01     5.04059e+00
  16     5.63417e+01     1.36933e+00     6.69814e-01     5.00176e+00     1.37965e-01     4.79114e+00
  17     6.30932e+01     1.30382e+00     6.35617e-01     5.67487e+00     1.39519e-01     4.53604e+00
  18     7.09751e+01     1.27751e+00     6.16478e-01     6.41520e+00     1.37294e-01     4.23822e+00
  19     8.03351e+01     1.28485e+00     6.08852e-01     7.23208e+00     1.29135e-01     3.86191e+00
  20     9.10443e+01     1.31654e+00     6.07159e-01     8.08371e+00     1.11653e-01     3.35273e+00
  21     1.02594e+02     1.36260e+00     6.05782e-01     8.89028e+00     8.13390e-02     2.66883e+00
  22     1.13589e+02     1.40595e+00     5.96955e-01     9.50197e+00     3.57174e-02     1.79473e+00
  23     1.21601e+02     1.42182e+00     5.71798e-01     9.71230e+00    -2.37957e-02     7.80568e-01
  24     1.24047e+02     1.38725e+00     5.25176e-01     9.36003e+00    -8.92891e-02    -2.32114e-01
  25     1.19770e+02     1.29526e+00     4.60169e-01     8.45542e+00    -1.48152e-01    -1.05732e+00
  26     1.10014e+02     1.16127e+00     3.87431e-01     7.20699e+00    -1.89786e-01    -1.56854e+00
  27     9.75713e+01     1.01276e+00     3.18752e-01     5.89470e+00    -2.11065e-01    -1.76022e+00
  28     8.49897e+01     8.72263e-01     2.61088e-01     4.71856e+00    -2.15308e-01    -1.71183e+00
  29     7.37657e+01     7.51417e-01     2.16194e-01     3.76233e+00    -2.08187e-01    -1.52057e+00
  30     6.44268e+01     6.52917e-01     1.82769e-01     3.02856e+00    -1.94703e-01    -1.26186e+00
  31     5.69324e+01     5.74740e-01     1.58489e-01     2.48376e+00    -1.78221e-01    -9.82154e-01
  32     5.10599e+01     5.13784e-01     1.41244e-01     2.08891e+00    -1.60834e-01    -7.07053e-01
  33     4.65075e+01     4.66622e-01     1.29294e-01     1.80782e+00    -1.43607e-01    -4.48460e-01
  34     4.30022e+01     4.30411e-01     1.21395e-01     1.61192e+00    -1.27079e-01    -2.11671e-01
  35     4.03012e+01     4.02783e-01     1.16667e-01     1.47891e+00    -1.11488e-01     7.59019e-04
  36     3.82124e+01     3.82002e-01     1.14559e-01     1.39214e+00    -9.70217e-02     1.86507e-01
  37     3.65648e+01     3.66614e-01     1.14691e-01     1.33814e+00    -8.38634e-02     3.42310e-01
  38     3.51952e+01     3.55277e-01     1.16744e-01     1.30515e+00    -7.22609e-02     4.63280e-01
  39     3.39410e+01     3.46598e-01     1.20353e-01     1.28220e+00    -6.25426e-02     5.43118e-01
  40     3.26327e+01     3.38941e-01     1.24951e-01     1.25848e+00    -5.50537e-02     5.75386e-01
  41     3.11401e+01     3.30751e-01     1.29798e-01     1.22522e+00    -5.00762e-02     5.56826e-01
  42     2.93772e+01     3.20506e-01     1.33922e-01     1.17648e+00    -4.75919e-02     4.90378e-01
  43     2.73654e+01     3.07452e-01     1.36449e-01     1.11230e+00    -4.71988e-02     3.87678e-01
  44     2.52051e+01     2.91550e-01     1.36746e-01     1.03784e+00    -4.80883e-02     2.66731e-01
  45     2.30592e+01     2.73656e-01     1.34684e-01     9.62170e-01    -4.93001e-02     1.47002e-01
  46     2.10805e+01     2.54969e-01     1.30532e-01     8.94368e-01    -4.99766e-02     4.36195e-02
  47     1.93685e+01     2.36556e-01     1.24739e-01     8.40741e-01    -4.95346e-02    -3.53237e-02
  48     1.79746e+01     2.19295e-01     1.17841e-01     8.04614e-01    -4.77385e-02    -8.82702e-02
  49     1.68975e+01     2.03637e-01     1.10253e-01     7.86053e-01    -4.45997e-02    -1.18081e-01
  50     1.61080e+01     1.89775e-01     1.02291e-01     7.83083e-01    -4.03084e-02    -1.29791e-01
  51     1.55565e+01     1.77677e-01     9.41530e-02     7.92166e-01    -3.51489e-02    -1.28994e-01
  52     1.51855e+01     1.67206e-01     8.59882e-02     8.08862e-01    -2.94674e-02    -1.20983e-01
  53     1.49305e+01     1.58155e-01     7.79238e-02     8.28069e-01    -2.36422e-02    -1.10316e-01
  54     1.47315e+01     1.50352e-01     7.01322e-02     8.44780e-01    -1.80692e-02    -1.00642e-01
  55     1.45344e+01     1.43651e-01     6.28213e-02     8.54530e-01    -1.31146e-02    -9.45308e-02
  56     1.42966e+01     1.37939e-01     5.62164e-02     8.53997e-01    -9.06458e-03    -9.33905e-02
  57     1.39888e+01     1.33117e-01     5.05178e-02     8.41317e-01    -6.07938e-03    -9.74964e-02
  58     1.35995e+01     1.29115e-01     4.58779e-02     8.16374e-01    -4.17446e-03    -1.06214e-01
  59     1.31329e+01     1.25886e-01     4.23767e-02     7.80535e-01    -3.22894e-03    -1.18333e-01
  60     1.26068e+01     1.23412e-01     4.00254e-02     7.36237e-01    -3.02175e-03    -1.32466e-01
  61     1.20474e+01     1.21707e-01     3.87818e-02     6.86381e-01    -3.27933e-03    -1.47380e-01
  62     1.14774e+01     1.20743e-01     3.85530e-02     6.33426e-01    -3.71770e-03    -1.62119e-01
  63     1.09237e+01     1.20546e-01     3.92506e-02     5.79654e-01    -4.07527e-03    -1.76182e-01
  64     1.04097e+01     1.21142e-01     4.07916e-02     5.26731e-01    -4.12762e-03    -1.89460e-01
  65     9.95160e+00     1.22497e-01     4.30856e-02     4.75529e-01    -3.69125e-03    -2.02061e-01
  66     9.56459e+00     1.24564e-01     4.60512e-02     4.26590e-01    -2.62879e-03    -2.14299e-01
  67     9.26060e+00     1.27230e-01     4.95885e-02     3.80148e-01    -8.54896e-04    -2.26515e-01
  68     9.04721e+00     1.30275e-01     5.35473e-02     3.36313e-01     1.64759e-03    -2.38891e-01
  69     8.92655e+00     1.33344e-01     5.76967e-02     2.95309e-01     4.80049e-03    -2.51276e-01
  70     8.89197e+00     1.35927e-01     6.16962e-02     2.57653e-01     8.39919e-03    -2.62970e-01
  71     8.92581e+00     1.37414e-01     6.51063e-02     2.24297e-01     1.20979e-02    -2.72641e-01
  72     8.99776e+00     1.37199e-01     6.74452e-02     1.96536e-01     1.54392e-02    -2.78404e-01
  73     9.06751e+00     1.34854e-01     6.83005e-02     1.75696e-01     1.79456e-02    -2.78210e-01
  74     9.09460e+00     1.30317e-01     6.74729e-02     1.62690e-01     1.92593e-02    -2.70512e-01
  75     9.04779e+00     1.23923e-01     6.50413e-02     1.57596e-01     1.92561e-02    -2.54799e-01
  76     8.91198e+00     1.16298e-01     6.13294e-02     1.59547e-01     1.80724e-02    -2.31781e-01
  77     8.68711e+00     1.08137e-01     5.67771e-02     1.66931e-01     1.60325e-02    -2.03102e-01
  78     8.38652e+00     1.00063e-01     5.18343e-02     1.77837e-01     1.35400e-02    -1.70953e-01
  79     8.02534e+00     9.24630e-02     4.68427e-02     1.90272e-01     1.09672e-02    -1.37518e-01
  80     7.62125e+00     8.55538e-02     4.20455e-02     2.02462e-01     8.60875e-03    -1.04839e-01
  81     7.18884e+00     7.93753e-02     3.75789e-02     2.12850e-01     6.65779e-03    -7.46331e-02
  82     6.74112e+00     7.38702e-02     3.35121e-02     2.20172e-01     5.21341e-03    -4.82741e-02
  83     6.29024e+00     6.89347e-02     2.98745e-02     2.23515e-01     4.29329e-03    -2.67444e-02
  84     5.84731e+00     6.44484e-02     2.66711e-02     2.22358e-01     3.84890e-03    -1.05623e-02
  85     5.42321e+00     6.03087e-02     2.38973e-02     2.16647e-01     3.78380e-03     2.63215e-04
  86     5.02839e+00     5.64493e-02     2.15443e-02     2.06822e-01     3.97401e-03     6.23337e-03
  87     4.67175e+00     5.28407e-02     1.95979e-02     1.93722e-01     4.28895e-03     8.27427e-03
  88     4.35762e+00     4.94596e-02     1.80293e-02     1.78347e-01     4.60793e-03     7.56958e-03
  89     4.08953e+00     4.63265e-02     1.68128e-02     1.61847e-01     4.83624e-03     5.37461e-03
  90     3.86692e+00     4.34555e-02     1.59129e-02     1.45222e-01     4.90707e-03     2.83884e-03
  91     3.68671e+00     4.08582e-02     1.52908e-02     1.29269e-01     4.78086e-03     8.92204e-04
  92     3.54555e+00     3.85553e-02     1.49119e-02     1.14589e-01     4.44207e-03     1.91696e-04
  93     3.43839e+00     3.65521e-02     1.47384e-02     1.01523e-01     3.89054e-03     1.11477e-03
  94     3.36023e+00     3.48525e-02     1.47339e-02     9.02364e-02     3.13826e-03     3.78108e-03
  95     3.30664e+00     3.34623e-02     1.48628e-02     8.07660e-02     2.20689e-03     8.08197e-03
  96     3.27293e+00     3.23805e-02     1.50853e-02     7.30423e-02     1.12673e-03     1.37070e-02
  97     3.25525e+00     3.16102e-02     1.53595e-02     6.69541e-02    -6.08347e-05     2.01713e-02
  98     3.24965e+00     3.11495e-02     1.56382e-02     6.23574e-02    -1.30178e-03     2.68449e-02
  99     3.25196e+00     3.09872e-02     1.58690e-02     5.90959e-02    -2.52776e-03     3.29985e-02
 100     3.25886e+00     3.11103e-02     1.60047e-02     5.70352e-02    -3.65910e-03     3.78925e-02
 101     3.26621e+00     3.14832e-02     1.60019e-02     5.60352e-02    -4.61075e-03     4.08693e-02
 102     3.27076e+00     3.20609e-02     1.58374e-02     5.59787e-02    -5.30579e-03     4.14917e-02
 103     3.26821e+00     3.27692e-02     1.55054e-02     5.67274e-02    -5.68701e-03     3.96142e-02
 104     3.25571e+00     3.35321e-02     1.50313e-02     5.81512e-02    -5.73262e-03     3.54484e-02
 105     3.23000e+00     3.42599e-02     1.44590e-02     6.00834e-02    -5.45854e-03     2.94902e-02
 106     3.18862e+00     3.48681e-02     1.38470e-02     6.23348e-02    -4.91667e-03     2.24173e-02
 107     3.12891e+00     3.52727e-02     1.32517e-02     6.46728e-02    -4.18208e-03     1.49379e-02
 108     3.04962e+00     3.54116e-02     1.27233e-02     6.68612e-02    -3.34113e-03     7.67931e-03
 109     2.94998e+00     3.52336e-02     1.22930e-02     6.86533e-02    -2.47599e-03     1.10535e-03
 110     2.83011e+00     3.47033e-02     1.19705e-02     6.98186e-02    -1.65515e-03    -4.50039e-03
 111     2.69211e+00     3.38123e-02     1.17484e-02     7.01860e-02    -9.28252e-04    -9.01514e-03
 112     2.53965e+00     3.25764e-02     1.16035e-02     6.96590e-02    -3.23547e-04    -1.24379e-02
 113     2.37786e+00     3.10351e-02     1.15032e-02     6.82292e-02     1.50732e-04    -1.48423e-02
 114     2.21246e+00     2.92450e-02     1.14097e-02     6.59667e-02     5.02435e-04    -1.63329e-02
 115     2.04989e+00     2.72829e-02     1.12894e-02     6.30261e-02     7.50190e-04    -1.70195e-02
 116     1.89556e+00     2.52262e-02     1.11123e-02     5.95923e-02     9.17474e-04    -1.69938e-02
 117     1.75440e+00     2.31583e-02     1.08590e-02     5.58826e-02     1.02776e-03    -1.63319e-02
 118     1.62937e+00     2.11494e-02     1.05157e-02     5.20878e-02     1.10028e-03    -1.50884e-02
 119     1.52212e+00     1.92614e-02     1.00762e-02     4.83754e-02     1.14817e-03    -1.33105e-02
 120     1.43305e+00     1.75478e-02     9.54116e-03     4.48829e-02     1.17796e-03    -1.10487e-02
 121     1.36124e+00     1.60498e-02     8.91480e-03     4.17083e-02     1.18998e-03    -8.36476e-03
 122     1.30516e+00     1.48036e-02     8.20799e-03     3.89326e-02     1.18039e-03    -5.34592e-03
 123     1.26250e+00     1.38346e-02     7.43603e-03     3.66139e-02     1.14290e-03    -2.10843e-03
 124     1.23065e+00     1.31589e-02     6.62174e-03     3.48035e-02     1.07163e-03     1.19799e-03
 125     1.20693e+00     1.27789e-02     5.79592e-03     3.35454e-02     9.63511e-04     4.39663e-03
 126     1.18868e+00     1.26773e-02     4.99628e-03     3.28700e-02     8.20280e-04     7.29920e-03
 127     1.17362e+00     1.28144e-02     4.26546e-03     3.27866e-02     6.49327e-04     9.73029e-03
 128     1.15999e+00     1.31280e-02     3.64596e-03     3.32710e-02     4.62827e-04     1.15556e-02
 129     1.14676e+00     1.35391e-02     3.17425e-03     3.42571e-02     2.75184e-04     1.27053e-02
 130     1.13347e+00     1.39605e-02     2.87522e-03     3.56323e-02     9.94680e-05     1.31820e-02
 131     1.12021e+00     1.43088e-02     2.75944e-03     3.72456e-02    -5.58942e-05     1.30542e-02
 132     1.10748e+00     1.45157e-02     2.82338e-03     3.89225e-02    -1.89271e-04     1.24363e-02
 133     1.09576e+00     1.45311e-02     3.05127e-03     4.04719e-02    -3.06282e-04     1.14611e-02
 134     1.08562e+00     1.43280e-02     3.41909e-03     4.17061e-02    -4.18826e-04     1.02611e-02
 135     1.07731e+00     1.38986e-02     3.89686e-03     4.24410e-02    -5.43129e-04     8.95269e-03
 136     1.07096e+00     1.32542e-02     4.45114e-03     4.25085e-02    -6.97479e-04     7.63329e-03
 137     1.06661e+00     1.24243e-02     5.04634e-03     4.17665e-02    -8.99934e-04     6.38360e-03
 138     1.06408e+00     1.14530e-02     5.64492e-03     4.01030e-02    -1.16592e-03     5.27148e-03
 139     1.06307e+00     1.03982e-02     6.20788e-03     3.74491e-02    -1.50586e-03     4.35770e-03
 140     1.06340e+00     9.33267e-03     6.69786e-03     3.38033e-02    -1.92339e-03     3.70086e-03
 141     1.06471e+00     8.33582e-03     7.07981e-03     2.92333e-02    -2.41312e-03     3.35634e-03
 142     1.06676e+00     7.49116e-03     7.32632e-03     2.38945e-02    -2.96004e-03     3.37478e-03
 143     1.06932e+00     6.87659e-03     7.42120e-03     1.80251e-02    -3.53949e-03     3.79596e-03
 144     1.07208e+00     6.55459e-03     7.36240e-03     1.19314e-02    -4.11835e-03     4.64122e-03
 145     1.07473e+00     6.56434e-03     7.16486e-03     5.96490e-03    -4.65794e-03     5.90687e-03
 146     1.07695e+00     6.91558e-03     6.86020e-03     4.86978e-04    -5.11770e-03     7.55952e-03
 147     1.07804e+00     7.58458e-03     6.49191e-03    -4.16589e-03    -5.45728e-03     9.53243e-03
 148     1.07738e+00     8.51850e-03     6.11302e-03    -7.71112e-03    -5.64160e-03     1.17294e-02
 149     1.07403e+00     9.63883e-03     5.77792e-03    -9.94245e-03    -5.64200e-03     1.40275e-02
 150     1.06703e+00     1.08502e-02     5.53642e-03    -1.07436e-02    -5.43908e-03     1.62851e-02
 151     1.05545e+00     1.20501e-02     5.42744e-03    -1.00954e-02    -5.02489e-03     1.83518e-02
 152     1.03851e+00     1.31388e-02     5.47301e-03    -8.07722e-03    -4.40447e-03     2.00799e-02
 153     1.01603e+00     1.40333e-02     5.67627e-03    -4.86422e-03    -3.59887e-03     2.13436e-02
 154     9.88317e-01     1.46737e-02     6.01914e-03    -7.11831e-04    -2.64393e-03     2.20483e-02
 155     9.56581e-01     1.50355e-02     6.46744e-03     4.06730e-03    -1.58976e-03     2.21493e-02
 156     9.22600e-01     1.51265e-02     6.97600e-03     9.13996e-03    -4.95162e-04     2.16502e-02
 157     8.88764e-01     1.49870e-02     7.49936e-03     1.41932e-02     5.78565e-04     2.06025e-02
 158     8.57516e-01     1.46751e-02     7.99897e-03     1.89683e-02     1.57492e-03     1.90847e-02
 159     8.31163e-01     1.42565e-02     8.45044e-03     2.32827e-02     2.44746e-03     1.71853e-02
 160     8.11584e-01     1.37916e-02     8.84581e-03     2.70339e-02     3.16244e-03     1.49830e-02
 161     8.00046e-01     1.33269e-02     9.19170e-03     3.01870e-02     3.69824e-03     1.25329e-02
 162     7.97245e-01     1.28916e-02     9.50615e-03     3.27566e-02     4.04328e-03     9.86248e-03
 163     8.03296e-01     1.24977e-02     9.81298e-03     3.47845e-02     4.19277e-03     6.97495e-03
 164     8.17755e-01     1.21415e-02     1.01360e-02     3.63209e-02     4.14622e-03     3.85894e-03
 165     8.39810e-01     1.18110e-02     1.04956e-02     3.74203e-02     3.90740e-03     5.05293e-04
 166     8.68037e-01     1.14864e-02     1.09010e-02     3.81265e-02     3.48420e-03    -3.07509e-03
 167     9.00573e-01     1.11491e-02     1.13473e-02     3.84838e-02     2.89275e-03    -6.82852e-03
 168     9.34849e-01     1.07834e-02     1.18078e-02     3.85314e-02     2.16102e-03    -1.06368e-02
 169     9.67958e-01     1.03862e-02     1.22357e-02     3.83254e-02     1.33462e-03    -1.43061e-02
 170     9.96628e-01     9.96742e-03     1.25622e-02     3.79345e-02     4.78475e-04    -1.75698e-02
 171     1.01783e+00     9.55375e-03     1.27077e-02     3.74490e-02    -3.25517e-04    -2.01226e-02
 172     1.02937e+00     9.18408e-03     1.25971e-02     3.69719e-02    -9.88851e-04    -2.16833e-02
 173     1.03040e+00     8.90055e-03     1.21804e-02     3.66017e-02    -1.43296e-03    -2.20721e-02
 174     1.02181e+00     8.73710e-03     1.14493e-02     3.64125e-02    -1.60701e-03    -2.12758e-02
 175     1.00581e+00     8.70793e-03     1.04415e-02     3.64318e-02    -1.49923e-03    -1.94638e-02
 176     9.85360e-01     8.80321e-03     9.23345e-03     3.66358e-02    -1.13763e-03    -1.69564e-02
 177     9.63435e-01     8.99144e-03     7.92394e-03     3.69575e-02    -5.80825e-04    -1.41554e-02
 178     9.42364e-01     9.22657e-03     6.61583e-03     3.73032e-02     9.58880e-05    -1.14683e-02
 179     9.23483e-01     9.45642e-03     5.40188e-03     3.75703e-02     8.13727e-04    -9.24773e-03
 180     9.07123e-01     9.63085e-03     4.35694e-03     3.76660e-02     1.49973e-03    -7.75689e-03
 181     8.92755e-01     9.70779e-03     3.53456e-03     3.75200e-02     2.09220e-03    -7.15265e-03
 182     8.79297e-01     9.65832e-03     2.96610e-03     3.70960e-02     2.54369e-03    -7.48174e-03
 183     8.65402e-01     9.46985e-03     2.66053e-03     3.63969e-02     2.82287e-03    -8.68329e-03
 184     8.49791e-01     9.14842e-03     2.60477e-03     3.54681e-02     2.91590e-03    -1.05983e-02
 185     8.31493e-01     8.71834e-03     2.76500e-03     3.43910e-02     2.82717e-03    -1.29869e-02
 186     8.10067e-01     8.22017e-03     3.08998e-03     3.32740e-02     2.57872e-03    -1.55558e-02
 187     7.85896e-01     7.70758e-03     3.51745e-03     3.22431e-02     2.20841e-03    -1.79981e-02
 188     7.59891e-01     7.23749e-03     3.98113e-03     3.14109e-02     1.76428e-03    -2.00290e-02
 189     7.33533e-01     6.86418e-03     4.41984e-03     3.08653e-02     1.29895e-03    -2.14238e-02
 190     7.08669e-01     6.63241e-03     4.78563e-03     3.06571e-02     8.62894e-04    -2.20434e-02
 191     6.87032e-01     6.57051e-03     5.04756e-03     3.07830e-02     4.98366e-04    -2.18353e-02
 192     6.70289e-01     6.69071e-03     5.19571e-03     3.12003e-02     2.35804e-04    -2.08366e-02
 193     6.59595e-01     6.98672e-03     5.23861e-03     3.18222e-02     9.15037e-05    -1.91485e-02
 194     6.55604e-01     7.43682e-03     5.20087e-03     3.25357e-02     6.75419e-05    -1.69189e-02
 195     6.58250e-01     8.00493e-03     5.11711e-03     3.32083e-02     1.52842e-04    -1.43166e-02
 196     6.66882e-01     8.64560e-03     5.02700e-03     3.37100e-02     3.25264e-04    -1.15154e-02
 197     6.80254e-01     9.30766e-03     4.96815e-03     3.39259e-02     5.54508e-04    -8.67659e-03
 198     6.96584e-01     9.93840e-03     4.96892e-03     3.37695e-02     8.05774e-04    -5.93632e-03
 199     7.13829e-01     1.04903e-02     5.04313e-03     3.31988e-02     1.04419e-03    -3.39877e-03
 200     7.29895e-01     1.09262e-02     5.18577e-03     3.22221e-02     1.23945e-03    -1.13230e-03
 201     7.42913e-01     1.12235e-02     5.37226e-03     3.08977e-02     1.36992e-03     8.28342e-04
 202     7.51521e-01     1.13775e-02     5.56181e-03     2.93267e-02     1.42539e-03     2.47513e-03
 203     7.55019e-01     1.13998e-02     5.70399e-03     2.76367e-02     1.40753e-03     3.81659e-03
 204     7.53334e-01     1.13144e-02     5.74701e-03     2.59602e-02     1.32801e-03     4.86636e-03
 205     7.47069e-01     1.11537e-02     5.64794e-03     2.44223e-02     1.20512e-03     5.63489e-03
 206     7.37120e-01     1.09495e-02     5.37898e-03     2.31201e-02     1.05903e-03     6.12359e-03
 207     7.24661e-01     1.07304e-02     4.93471e-03     2.21230e-02     9.07987e-04     6.32689e-03
 208     7.10787e-01     1.05162e-02     4.33396e-03     2.14653e-02     7.64792e-04     6.23670e-03
 209     6.96462e-01     1.03173e-02     3.62069e-03     2.11521e-02     6.35205e-04     5.85232e-03
 210     6.82381e-01     1.01348e-02     2.86043e-03     2.11612e-02     5.17688e-04     5.19007e-03
 211     6.68931e-01     9.96235e-03     2.13328e-03     2.14482e-02     4.04884e-04     4.29115e-03
 212     6.56243e-01     9.79009e-03     1.52302e-03     2.19528e-02     2.86528e-04     3.22440e-03
 213     6.44272e-01     9.60892e-03     1.10359e-03     2.26062e-02     1.53184e-04     2.08101e-03
 214     6.32817e-01     9.41311e-03     9.25691e-04     2.33362e-02    -7.19663e-08     9.61602e-04
 215     6.21700e-01     9.20354e-03     1.00760e-03     2.40770e-02    -1.71023e-04    -4.04868e-05
 216     6.10776e-01     8.98701e-03     1.33234e-03     2.47737e-02    -3.49589e-04    -8.55653e-04
 217     6.00017e-01     8.77501e-03     1.85221e-03     2.53868e-02    -5.19119e-04    -1.44844e-03
 218     5.89419e-01     8.57945e-03     2.49815e-03     2.58902e-02    -6.59130e-04    -1.81953e-03
 219     5.79035e-01     8.41029e-03     3.19144e-03     2.62718e-02    -7.48788e-04    -2.00027e-03
 220     5.68878e-01     8.27214e-03     3.85413e-03     2.65285e-02    -7.70220e-04    -2.04213e-03
 221     5.58887e-01     8.16271e-03     4.41711e-03     2.66630e-02    -7.11325e-04    -2.00476e-03
 222     5.48893e-01     8.07236e-03     4.82557e-03     2.66813e-02    -5.67866e-04    -1.94491e-03
 223     5.38604e-01     7.98485e-03     5.04222e-03     2.65899e-02    -3.44797e-04    -1.90782e-03
 224     5.27701e-01     7.88062e-03     5.04992e-03     2.63979e-02    -5.67292e-05    -1.92186e-03
 225     5.15769e-01     7.73826e-03     4.85122e-03     2.61109e-02     2.72897e-04    -1.99590e-03
 226     5.02473e-01     7.54001e-03     4.46841e-03     2.57350e-02     6.13876e-04    -2.12079e-03
 227     4.87582e-01     7.27484e-03     3.94008e-03     2.52742e-02     9.32758e-04    -2.27351e-03
 228     4.71065e-01     6.94177e-03     3.31624e-03     2.47314e-02     1.19731e-03    -2.42400e-03
 229     4.53106e-01     6.55060e-03     2.65143e-03     2.41070e-02     1.38097e-03    -2.54274e-03
 230     4.34077e-01     6.12029e-03     1.99740e-03     2.33984e-02     1.46613e-03    -2.60725e-03
 231     4.14534e-01     5.67641e-03     1.39746e-03     2.26020e-02     1.44593e-03    -2.60663e-03
 232     3.95147e-01     5.24685e-03     8.82734e-04     2.17147e-02     1.32382e-03    -2.54268e-03
 233     3.76589e-01     4.85704e-03     4.71149e-04     2.07333e-02     1.11154e-03    -2.42802e-03
 234     3.59529e-01     4.52718e-03     1.68933e-04     1.96593e-02     8.26526e-04    -2.28290e-03
 235     3.44585e-01     4.26995e-03    -2.66597e-05     1.85014e-02     4.89156e-04    -2.13111e-03
 236     3.32268e-01     4.08907e-03    -1.24103e-04     1.72761e-02     1.20406e-04    -1.99588e-03
 237     3.23020e-01     3.97977e-03    -1.34531e-04     1.60133e-02    -2.59644e-04    -1.89704e-03
 238     3.17176e-01     3.92936e-03    -6.92961e-05     1.47573e-02    -6.32815e-04    -1.84867e-03
 239     3.14960e-01     3.91880e-03     6.17353e-05     1.35687e-02    -9.83329e-04    -1.85770e-03
 240     3.16452e-01     3.92503e-03     2.51115e-04     1.25237e-02    -1.29806e-03    -1.92330e-03
 241     3.21577e-01     3.92458e-03     4.93991e-04     1.17111e-02    -1.56685e-03    -2.03698e-03
 242     3.30036e-01     3.89741e-03     7.87481e-04     1.12233e-02    -1.78259e-03    -2.18335e-03
 243     3.41275e-01     3.83162e-03     1.12922e-03     1.11434e-02    -1.94148e-03    -2.34176e-03
 244     3.54508e-01     3.72812e-03     1.51535e-03     1.15291e-02    -2.04325e-03    -2.48917e-03
 245     3.68733e-01     3.60274e-03     1.93802e-03     1.23942e-02    -2.09089e-03    -2.60328e-03
 246     3.82832e-01     3.48539e-03     2.38323e-03     1.36951e-02    -2.09013e-03    -2.66614e-03
 247     3.95691e-01     3.41470e-03     2.82956e-03     1.53274e-02    -2.04817e-03    -2.66687e-03
 248     4.06371e-01     3.42945e-03     3.24875e-03     1.71361e-02    -1.97246e-03    -2.60337e-03
 249     4.14249e-01     3.55838e-03     3.60836e-03     1.89402e-02    -1.86938e-03    -2.48214e-03
 250     4.19034e-01     3.81143e-03     3.87528e-03     2.05612e-02    -1.74305e-03    -2.31616e-03
 251     4.20844e-01     4.17642e-03     4.02111e-03     2.18569e-02    -1.59546e-03    -2.12279e-03
 252     4.20037e-01     4.61994e-03     4.02540e-03     2.27371e-02    -1.42656e-03    -1.92067e-03
 253     4.17204e-01     5.09475e-03     3.87925e-03     2.31765e-02    -1.23550e-03    -1.72820e-03
 254     4.12939e-01     5.54745e-03     3.58505e-03     2.32027e-02    -1.02131e-03    -1.56189e-03
 255     4.07830e-01     5.92840e-03     3.15656e-03     2.28862e-02    -7.84179e-04    -1.43624e-03
 256     4.02358e-01     6.19813e-03     2.61655e-03     2.23196e-02    -5.26062e-04    -1.36330e-03
 257     3.96875e-01     6.33150e-03     1.99453e-03     2.16001e-02    -2.51214e-04    -1.35255e-03
 258     3.91597e-01     6.31880e-03     1.32426e-03     2.08147e-02     3.34611e-05    -1.41043e-03
 259     3.86624e-01     6.16455e-03     6.41846e-04     2.00310e-02     3.18151e-04    -1.53964e-03
 260     3.81939e-01     5.88440e-03    -1.59029e-05     1.92907e-02     5.89916e-04    -1.73816e-03
 261     3.77449e-01     5.50199e-03    -6.12549e-04     1.86106e-02     8.32592e-04    -1.99830e-03
 262     3.72981e-01     5.04476e-03    -1.11322e-03     1.79832e-02     1.02694e-03    -2.30561e-03
 263     3.68359e-01     4.54131e-03    -1.48638e-03     1.73851e-02     1.15164e-03    -2.63895e-03
 264     3.63339e-01     4.01705e-03    -1.70616e-03     1.67811e-02     1.18492e-03    -2.97065e-03
 265     3.57711e-01     3.49267e-03    -1.75608e-03     1.61373e-02     1.10794e-03    -3.26926e-03
 266     3.51343e-01     2.98267e-03    -1.63352e-03     1.54337e-02     9.09343e-04    -3.50426e-03
 267     3.44167e-01     2.49443e-03    -1.35296e-03     1.46717e-02     5.89823e-04    -3.65155e-03
 268     3.36260e-01     2.03019e-03    -9.47234e-04     1.38816e-02     1.65793e-04    -3.70015e-03
 269     3.27814e-01     1.58945e-03    -4.64170e-04     1.31186e-02    -3.30568e-04    -3.65580e-03
 270     3.19140e-01     1.17253e-03     4.09027e-05     1.24529e-02    -8.55482e-04    -3.54068e-03
 271     3.10571e-01     7.83066e-04     5.15029e-04     1.19509e-02    -1.36115e-03    -3.38730e-03
 272     3.02434e-01     4.29328e-04     9.16243e-04     1.16611e-02    -1.80423e-03    -3.23029e-03
 273     2.94954e-01     1.23337e-04     1.21825e-03     1.16022e-02    -2.15194e-03    -3.09708e-03
 274     2.88295e-01    -1.21054e-04     1.41084e-03     1.17635e-02    -2.38518e-03    -3.00266e-03
 275     2.82518e-01    -2.90796e-04     1.49669e-03     1.21081e-02    -2.49779e-03    -2.94688e-03
 276     2.77619e-01    -3.75978e-04     1.48709e-03     1.25802e-02    -2.49418e-03    -2.91558e-03
 277     2.73539e-01    -3.71690e-04     1.39786e-03     1.31129e-02    -2.38628e-03    -2.88345e-03
 278     2.70225e-01    -2.79455e-04     1.24675e-03     1.36364e-02    -2.19133e-03    -2.81864e-03
 279     2.67606e-01    -1.08039e-04     1.05157e-03     1.40816e-02    -1.92976e-03    -2.68693e-03
 280     2.65600e-01     1.26169e-04     8.29638e-04     1.43850e-02    -1.62404e-03    -2.45684e-03
 281     2.64159e-01     3.99549e-04     5.97853e-04     1.44962e-02    -1.29805e-03    -2.10542e-03
 282     2.63201e-01     6.82660e-04     3.72376e-04     1.43789e-02    -9.75689e-04    -1.62294e-03
 283     2.62690e-01     9.43083e-04     1.68504e-04     1.40209e-02    -6.79817e-04    -1.01788e-03
 284     2.62553e-01     1.14927e-03    -3.82706e-07     1.34326e-02    -4.30077e-04    -3.18656e-04
 285     2.62738e-01     1.27541e-03    -1.24108e-04     1.26512e-02    -2.41036e-04     4.27127e-04
 286     2.63162e-01     1.30567e-03    -1.97317e-04     1.17339e-02    -1.20345e-04     1.15758e-03
 287     2.63770e-01     1.23753e-03    -2.20919e-04     1.07541e-02    -6.78947e-05     1.80455e-03
 288     2.64506e-01     1.08247e-03    -2.02916e-04     9.78972e-03    -7.60320e-05     2.30316e-03
 289     2.65300e-01     8.64317e-04    -1.58378e-04     8.91284e-03    -1.30960e-04     2.60009e-03
 290     2.66111e-01     6.16123e-04    -1.08636e-04     8.18374e-03    -2.14877e-04     2.65997e-03
 291     2.66881e-01     3.75846e-04    -7.97156e-05     7.64470e-03    -3.08271e-04     2.46760e-03
 292     2.67536e-01     1.82434e-04    -1.00254e-04     7.31911e-03    -3.91977e-04     2.02797e-03
 293     2.68034e-01     7.23797e-05    -1.98861e-04     7.21375e-03    -4.48886e-04     1.36495e-03
 294     2.68236e-01     7.66599e-05    -4.00656e-04     7.31717e-03    -4.65023e-04     5.18100e-04
 295     2.68037e-01     2.17976e-04    -7.23029e-04     7.60553e-03    -4.30836e-04    -4.58607e-04
 296     2.67259e-01     5.07627e-04    -1.17036e-03     8.04109e-03    -3.42066e-04    -1.49976e-03
 297     2.65759e-01     9.42438e-04    -1.72917e-03     8.57761e-03    -2.00913e-04    -2.53209e-03
 298     2.63389e-01     1.50227e-03    -2.36449e-03     9.16226e-03    -1.65128e-05    -3.48023e-03
 299     2.60121e-01     2.15018e-03    -3.02129e-03     9.74474e-03     1.95399e-04    -4.27597e-03
 300     2.55990e-01     2.83539e-03    -3.63025e-03     1.02826e-02     4.14369e-04    -4.86710e-03
 301     2.51190e-01     3.50077e-03    -4.12015e-03     1.07516e-02     6.18452e-04    -5.22631e-03
 302     2.46027e-01     4.09183e-03    -4.43128e-03     1.11491e-02     7.88026e-04    -5.35407e-03
 303     2.40869e-01     4.56462e-03    -4.52611e-03     1.14935e-02     9.08922e-04    -5.27519e-03
 304     2.36089e-01     4.89010e-03    -4.39376e-03     1.18179e-02     9.73904e-04    -5.03048e-03
 305     2.32045e-01     5.05522e-03    -4.04881e-03     1.21639e-02     9.82609e-04    -4.66803e-03
 306     2.28995e-01     5.05894e-03    -3.52402e-03     1.25696e-02     9.39857e-04    -4.23368e-03
 307     2.27130e-01     4.90931e-03    -2.86389e-03     1.30659e-02     8.54043e-04    -3.76742e-03
 308     2.26528e-01     4.61908e-03    -2.11773e-03     1.36683e-02     7.35393e-04    -3.30074e-03
 309     2.27198e-01     4.20481e-03    -1.33613e-03     1.43763e-02     5.95137e-04    -2.85794e-03
 310     2.29039e-01     3.68557e-03    -5.67933e-04     1.51685e-02     4.44836e-04    -2.45654e-03
 311     2.31881e-01     3.08474e-03     1.40993e-04     1.60048e-02     2.96297e-04    -2.10904e-03
 312     2.35453e-01     2.43057e-03     7.49619e-04     1.68254e-02     1.61244e-04    -1.82272e-03
 313     2.39393e-01     1.75732e-03     1.22380e-03     1.75552e-02     5.09161e-05    -1.59929e-03
 314     2.43294e-01     1.10495e-03     1.53919e-03     1.81136e-02    -2.47334e-05    -1.43417e-03
 315     2.46715e-01     5.16619e-04     1.68406e-03     1.84243e-02    -5.81493e-05    -1.31555e-03
 316     2.49262e-01     3.46128e-05     1.66136e-03     1.84308e-02    -4.53343e-05    -1.22498e-03
 317     2.50630e-01    -3.05004e-04     1.48849e-03     1.81071e-02     1.33126e-05    -1.13913e-03
 318     2.50652e-01    -4.77233e-04     1.19465e-03     1.74646e-02     1.12818e-04    -1.03338e-03
 319     2.49322e-01    -4.71209e-04     8.15966e-04     1.65513e-02     2.44250e-04    -8.86200e-04
 320     2.46760e-01    -2.90605e-04     3.89748e-04     1.54420e-02     3.95935e-04    -6.83412e-04
 321     2.43181e-01     4.82170e-05    -5.04131e-05     1.42262e-02     5.54934e-04    -4.21438e-04
 322     2.38869e-01     5.19429e-04    -4.77906e-04     1.29957e-02     7.08465e-04    -1.08873e-04
 323     2.34085e-01     1.09117e-03    -8.74257e-04     1.18305e-02     8.44856e-04     2.33829e-04
 324     2.29040e-01     1.72814e-03    -1.22839e-03     1.07914e-02     9.54168e-04     5.76092e-04
 325     2.23903e-01     2.39353e-03    -1.53499e-03     9.91764e-03     1.02870e-03     8.80536e-04
 326     2.18738e-01     3.04971e-03    -1.79212e-03     9.22292e-03     1.06302e-03     1.10747e-03
 327     2.13591e-01     3.66004e-03    -1.99963e-03     8.70102e-03     1.05460e-03     1.22098e-03
 328     2.08443e-01     4.18974e-03    -2.15725e-03     8.32681e-03     1.00372e-03     1.19515e-03
 329     2.03266e-01     4.60839e-03    -2.26392e-03     8.06388e-03     9.13674e-04     1.02009e-03
 330     1.98071e-01     4.89325e-03    -2.31785e-03     7.87301e-03     7.90582e-04     7.05823e-04
 331     1.92897e-01     5.03119e-03    -2.31664e-03     7.71885e-03     6.42498e-04     2.82210e-04
 332     1.87825e-01     5.01999e-03    -2.25790e-03     7.57636e-03     4.78319e-04    -2.05115e-04
 333     1.83014e-01     4.86920e-03    -2.14047e-03     7.43580e-03     3.06620e-04    -7.02258e-04
 334     1.78639e-01     4.59701e-03    -1.96424e-03     7.30067e-03     1.34381e-04    -1.15598e-03
 335     1.74905e-01     4.22811e-03    -1.73066e-03     7.18570e-03    -3.36306e-05    -1.52156e-03
 336     1.72000e-01     3.78991e-03    -1.44228e-03     7.11074e-03    -1.95053e-04    -1.76775e-03
 337     1.70097e-01     3.31058e-03    -1.10274e-03     7.09641e-03    -3.49614e-04    -1.87879e-03
 338     1.69324e-01     2.81691e-03    -7.16371e-04     7.15869e-03    -4.98479e-04    -1.85330e-03
 339     1.69784e-01     2.33438e-03    -2.88402e-04     7.30732e-03    -6.43548e-04    -1.70200e-03
 340     1.71488e-01     1.88610e-03     1.75040e-04     7.54133e-03    -7.86433e-04    -1.44354e-03
 341     1.74421e-01     1.49448e-03     6.66217e-04     7.85185e-03    -9.27932e-04    -1.10170e-03
 342     1.78493e-01     1.18070e-03     1.17538e-03     8.22065e-03    -1.06719e-03    -7.01524e-04
 343     1.83543e-01     9.64871e-04     1.69021e-03     8.62248e-03    -1.20125e-03    -2.66396e-04
 344     1.89321e-01     8.65174e-04     2.19531e-03     9.02661e-03    -1.32461e-03     1.84525e-04
 345     1.95506e-01     8.96511e-04     2.67234e-03     9.40124e-03    -1.42944e-03     6.37997e-04
 346     2.01718e-01     1.06823e-03     3.10074e-03     9.71764e-03    -1.50613e-03     1.08745e-03
 347     2.07554e-01     1.38158e-03     3.45933e-03     9.95538e-03    -1.54463e-03     1.53226e-03
 348     2.12614e-01     1.82725e-03     3.72830e-03     1.01056e-02    -1.53603e-03     1.97513e-03
 349     2.16581e-01     2.38421e-03     3.89224e-03     1.01747e-02    -1.47492e-03     2.41820e-03
 350     2.19279e-01     3.02037e-03     3.94286e-03     1.01843e-02    -1.36127e-03     2.85848e-03
 351     2.20696e-01     3.69537e-03     3.88048e-03     1.01670e-02    -1.20132e-03     3.28393e-03
 352     2.20956e-01     4.36456e-03     3.71357e-03     1.01586e-02    -1.00709e-03     3.67136e-03
 353     2.20366e-01     4.98568e-03     3.45870e-03     1.01939e-02    -7.94980e-04     3.98916e-03
 354     2.19282e-01     5.52256e-03     3.13674e-03     1.02970e-02    -5.82549e-04     4.20100e-03
 355     2.18097e-01     5.94946e-03     2.77068e-03     1.04799e-02    -3.85666e-04     4.27316e-03
 356     2.17123e-01     6.25089e-03     2.38229e-03     1.07392e-02    -2.15742e-04     4.18000e-03
 357     2.16577e-01     6.42151e-03     1.99091e-03     1.10595e-02    -7.82763e-05     3.90942e-03
 358     2.16596e-01     6.46520e-03     1.61312e-03     1.14178e-02     2.75497e-05     3.46610e-03
 359     2.17160e-01     6.39067e-03     1.26222e-03     1.17840e-02     1.08275e-04     2.87035e-03
 360     2.18226e-01     6.21277e-03     9.49716e-04     1.21297e-02     1.74775e-04     2.15818e-03
 361     2.19614e-01     5.94695e-03     6.85174e-04     1.24237e-02     2.40361e-04     1.37623e-03
 362     2.21139e-01     5.61138e-03     4.77267e-04     1.26381e-02     3.18701e-04     5.79310e-04
 363     2.22585e-01     5.22517e-03     3.33529e-04     1.27477e-02     4.21558e-04    -1.74460e-04
 364     2.23694e-01     4.80739e-03     2.59758e-04     1.27284e-02     5.56434e-04    -8.28028e-04
 365     2.24251e-01     4.37839e-03     2.58918e-04     1.25620e-02     7.24507e-04    -1.33016e-03
 366     2.24026e-01     3.95760e-03     3.29323e-04     1.22345e-02     9.18690e-04    -1.64041e-03
 367     2.22844e-01     3.56339e-03     4.62835e-04     1.17414e-02     1.12284e-03    -1.73444e-03
 368     2.20546e-01     3.21023e-03     6.43323e-04     1.10884e-02     1.31209e-03    -1.60808e-03
 369     2.17141e-01     2.90838e-03     8.46842e-04     1.03007e-02     1.45630e-03    -1.28076e-03
 370     2.12643e-01     2.65915e-03     1.04309e-03     9.41522e-03     1.52410e-03    -7.93019e-04
 371     2.07229e-01     2.45599e-03     1.19998e-03     8.48512e-03     1.49009e-03    -2.01835e-04
 372     2.01161e-01     2.28439e-03     1.28913e-03     7.57070e-03     1.34063e-03     4.29675e-04
 373     1.94731e-01     2.12440e-03     1.29106e-03     6.72959e-03     1.07720e-03     1.04341e-03
 374     1.88254e-01     1.95492e-03     1.19887e-03     6.00958e-03     7.16467e-04     1.59548e-03
 375     1.81972e-01     1.75731e-03     1.01844e-03     5.44099e-03     2.86523e-04     2.06042e-03
 376     1.76105e-01     1.51917e-03     7.66850e-04     5.03738e-03    -1.78311e-04     2.43099e-03
 377     1.70746e-01     1.23515e-03     4.68380e-04     4.79454e-03    -6.43079e-04     2.71268e-03
 378     1.65942e-01     9.08087e-04     1.51308e-04     4.69644e-03    -1.07603e-03     2.91816e-03
 379     1.61687e-01     5.48498e-04    -1.55155e-04     4.71899e-03    -1.45103e-03     3.06139e-03
 380     1.57958e-01     1.73974e-04    -4.23026e-04     4.83424e-03    -1.74874e-03     3.15384e-03
 381     1.54680e-01    -1.91794e-04    -6.26997e-04     5.01141e-03    -1.95620e-03     3.20118e-03
 382     1.51812e-01    -5.19958e-04    -7.45955e-04     5.22107e-03    -2.06745e-03     3.20436e-03
 383     1.49335e-01    -7.78603e-04    -7.64632e-04     5.43600e-03    -2.08327e-03     3.16047e-03
 384     1.47220e-01    -9.35400e-04    -6.75231e-04     5.63136e-03    -2.01039e-03     3.06448e-03
 385     1.45478e-01    -9.61790e-04    -4.79527e-04     5.78796e-03    -1.86169e-03     2.91359e-03
 386     1.44156e-01    -8.37805e-04    -1.90017e-04     5.89384e-03    -1.65489e-03     2.71055e-03
 387     1.43290e-01    -5.56413e-04     1.70349e-04     5.94428e-03    -1.41015e-03     2.46547e-03
 388     1.42961e-01    -1.26760e-04     5.70228e-04     5.94482e-03    -1.14801e-03     2.19750e-03
 389     1.43188e-01     4.26013e-04     9.73723e-04     5.90685e-03    -8.85673e-04     1.93150e-03
 390     1.44006e-01     1.06344e-03     1.34546e-03     5.84937e-03    -6.35611e-04     1.69543e-03
 391     1.45361e-01     1.73872e-03     1.65464e-03     5.79240e-03    -4.04002e-04     1.51384e-03
 392     1.47186e-01     2.40293e-03     1.87885e-03     5.75777e-03    -1.91893e-04     1.40399e-03
 393     1.49341e-01     3.00984e-03     2.00505e-03     5.76437e-03     3.18845e-06     1.37133e-03
 394     1.51662e-01     3.52025e-03     2.02997e-03     5.82841e-03     1.84572e-04     1.40804e-03
 395     1.53930e-01     3.90355e-03     1.95859e-03     5.96096e-03     3.53937e-04     1.49267e-03
 396     1.55960e-01     4.14072e-03     1.80368e-03     6.17004e-03     5.09522e-04     1.59285e-03
 397     1.57526e-01     4.22253e-03     1.58298e-03     6.45598e-03     6.45075e-04     1.66812e-03
 398     1.58521e-01     4.15319e-03     1.31904e-03     6.81608e-03     7.50696e-04     1.67668e-03
 399     1.58856e-01     3.94623e-03     1.03578e-03     7.23874e-03     8.14092e-04     1.58051e-03
 400     1.58584e-01     3.62565e-03     7.57314e-04     7.70800e-03     8.23628e-04     1.35267e-03
 401     1.57837e-01     3.22092e-03     5.04969e-04     8.20125e-03     7.70857e-04     9.81141e-04
 402     1.56838e-01     2.76395e-03     2.95668e-04     8.69236e-03     6.52991e-04     4.70950e-04
 403     1.55869e-01     2.28479e-03     1.40718e-04     9.15328e-03     4.74010e-04    -1.57343e-04
 404     1.55225e-01     1.80833e-03     4.57194e-05     9.55601e-03     2.44487e-04    -8.71488e-04
 405     1.55180e-01     1.35250e-03     1.13557e-05     9.87414e-03    -1.96323e-05    -1.63238e-03
 406     1.55955e-01     9.28040e-04     3.47132e-05     1.00840e-02    -2.98776e-04    -2.39852e-03
 407     1.57699e-01     5.39500e-04     1.10683e-04     1.01657e-02    -5.71558e-04    -3.12914e-03
 408     1.60466e-01     1.87037e-04     2.33105e-04     1.01031e-02    -8.16362e-04    -3.78579e-03
 409     1.64246e-01    -1.31464e-04     3.95552e-04     9.88846e-03    -1.01300e-03    -4.33397e-03
 410     1.68901e-01    -4.18477e-04     5.91567e-04     9.52100e-03    -1.14396e-03    -4.74251e-03
 411     1.74191e-01    -6.74912e-04     8.14577e-04     9.01186e-03    -1.19624e-03    -4.98532e-03
 412     1.79796e-01    -8.98912e-04     1.05771e-03     8.38817e-03    -1.16350e-03    -5.04436e-03
 413     1.85303e-01    -1.08510e-03     1.31328e-03     7.69235e-03    -1.04766e-03    -4.91198e-03
 414     1.90282e-01    -1.22504e-03     1.57286e-03     6.98211e-03    -8.60273e-04    -4.59578e-03
 415     1.94326e-01    -1.30854e-03     1.82721e-03     6.32243e-03    -6.21606e-04    -4.12011e-03
 416     1.97118e-01    -1.32589e-03     2.06679e-03     5.77495e-03    -3.57709e-04    -3.52545e-03
 417     1.98501e-01    -1.27059e-03     2.28252e-03     5.38586e-03    -9.54341e-05    -2.86401e-03
 418     1.98549e-01    -1.14182e-03     2.46717e-03     5.17727e-03     1.43306e-04    -2.19215e-03
 419     1.97452e-01    -9.44663e-04     2.61482e-03     5.14112e-03     3.46058e-04    -1.56006e-03
 420     1.95489e-01    -6.89955e-04     2.72123e-03     5.24409e-03     5.11353e-04    -1.00569e-03
 421     1.93016e-01    -3.93026e-04     2.78447e-03     5.43832e-03     6.47577e-04    -5.51852e-04
 422     1.90327e-01    -7.15100e-05     2.80366e-03     5.67047e-03     7.69361e-04    -2.06167e-04
 423     1.87661e-01     2.56116e-04     2.77938e-03     5.89276e-03     8.93364e-04     3.54436e-05
 424     1.85171e-01     5.71816e-04     2.71350e-03     6.06901e-03     1.03415e-03     1.84680e-04
 425     1.82971e-01     8.58997e-04     2.61001e-03     6.17913e-03     1.20134e-03     2.56905e-04
 426     1.81087e-01     1.10299e-03     2.47434e-03     6.21708e-03     1.39738e-03     2.67924e-04
 427     1.79524e-01     1.29163e-03     2.31410e-03     6.18978e-03     1.61712e-03     2.31834e-04
 428     1.78256e-01     1.41566e-03     2.13878e-03     6.11249e-03     1.84808e-03     1.59831e-04
 429     1.77261e-01     1.46928e-03     1.95957e-03     6.00480e-03     2.07194e-03     5.99320e-05
 430     1.76543e-01     1.45075e-03     1.78882e-03     5.88655e-03     2.26691e-03    -6.26226e-05
 431     1.76034e-01     1.36202e-03     1.63803e-03     5.77042e-03     2.40906e-03    -2.04320e-04
 432     1.75708e-01     1.21003e-03     1.51794e-03     5.66333e-03     2.47651e-03    -3.61820e-04
 433     1.75531e-01     1.00667e-03     1.43663e-03     5.56406e-03     2.45213e-03    -5.30272e-04
 434     1.75398e-01     7.68572e-04     1.39766e-03     5.46269e-03     2.32560e-03    -7.01461e-04
 435     1.75222e-01     5.17370e-04     1.39956e-03     5.34705e-03     2.09746e-03    -8.62926e-04
 436     1.74867e-01     2.78088e-04     1.43439e-03     5.20546e-03     1.77976e-03    -9.97738e-04
 437     1.74204e-01     7.70795e-05     1.48824e-03     5.03412e-03     1.39670e-03    -1.08630e-03
 438     1.73090e-01    -6.14403e-05     1.54221e-03     4.84063e-03     9.81705e-04    -1.10943e-03
 439     1.71472e-01    -1.19244e-04     1.57583e-03     4.64819e-03     5.73016e-04    -1.05323e-03
 440     1.69298e-01    -8.73619e-05     1.56968e-03     4.49017e-03     2.06314e-04    -9.12627e-04
 441     1.66659e-01     3.23891e-05     1.50998e-03     4.40734e-03    -9.11005e-05    -6.94574e-04
 442     1.63673e-01     2.28362e-04     1.38967e-03     4.43668e-03    -3.04803e-04    -4.17047e-04
 443     1.60542e-01     4.81983e-04     1.20948e-03     4.60605e-03    -4.33830e-04    -1.06537e-04
 444     1.57455e-01     7.71434e-04     9.76015e-04     4.92782e-03    -4.88178e-04     2.06465e-04
 445     1.54617e-01     1.07508e-03     7.00061e-04     5.39911e-03    -4.84717e-04     4.91542e-04
 446     1.52220e-01     1.37381e-03     3.94340e-04     6.00326e-03    -4.42830e-04     7.21700e-04
 447     1.50413e-01     1.65188e-03     7.18524e-05     6.71160e-03    -3.80845e-04     8.75243e-04
 448     1.49327e-01     1.89725e-03    -2.54810e-04     7.48741e-03    -3.13871e-04     9.36911e-04
 449     1.49045e-01     2.10078e-03    -5.73680e-04     8.28672e-03    -2.52574e-04     8.98298e-04
 450     1.49627e-01     2.25613e-03    -8.73206e-04     9.06138e-03    -2.02910e-04     7.58648e-04
 451     1.51065e-01     2.35895e-03    -1.14184e-03     9.75901e-03    -1.66216e-04     5.25574e-04
 452     1.53296e-01     2.40732e-03    -1.36797e-03     1.03268e-02    -1.39743e-04     2.16289e-04
 453     1.56182e-01     2.40216e-03    -1.54039e-03     1.07157e-02    -1.17451e-04    -1.41684e-04
 454     1.59466e-01     2.34751e-03    -1.64900e-03     1.08852e-02    -9.12135e-05    -5.10988e-04
 455     1.62813e-01     2.25182e-03    -1.68697e-03     1.08140e-02    -5.25588e-05    -8.47253e-04
 456     1.65853e-01     2.12805e-03    -1.65299e-03     1.05095e-02     5.28582e-06    -1.10534e-03
 457     1.68160e-01     1.99166e-03    -1.55216e-03     1.00067e-02     8.54310e-05    -1.24750e-03
 458     1.69449e-01     1.85991e-03    -1.39744e-03     9.37313e-03     1.86105e-04    -1.25305e-03
 459     1.69550e-01     1.74773e-03    -1.20712e-03     8.69232e-03     3.00788e-04    -1.12376e-03
 460     1.68516e-01     1.66588e-03    -1.00218e-03     8.05110e-03     4.19814e-04    -8.84587e-04
 461     1.66565e-01     1.61919e-03    -8.02247e-04     7.52164e-03     5.32684e-04    -5.77813e-04
 462     1.64058e-01     1.60703e-03    -6.22889e-04     7.15274e-03     6.30387e-04    -2.54300e-04
 463     1.61400e-01     1.62445e-03    -4.74161e-04     6.96567e-03     7.06701e-04     3.56010e-05
 464     1.58996e-01     1.66432e-03    -3.60900e-04     6.95866e-03     7.58624e-04     2.48491e-04
 465     1.57200e-01     1.71895e-03    -2.83806e-04     7.11299e-03     7.85880e-04     3.51550e-04
 466     1.56285e-01     1.78143e-03    -2.40861e-04     7.39950e-03     7.90019e-04     3.23949e-04
 467     1.56449e-01     1.84655e-03    -2.28610e-04     7.78465e-03     7.73479e-04     1.57297e-04
 468     1.57742e-01     1.91056e-03    -2.42993e-04     8.23117e-03     7.38389e-04    -1.44026e-04
 469     1.60153e-01     1.97249e-03    -2.80015e-04     8.70504e-03     6.86350e-04    -5.61999e-04
 470     1.63519e-01     2.03317e-03    -3.35838e-04     9.17322e-03     6.17637e-04    -1.06433e-03
 471     1.67548e-01     2.09527e-03    -4.06761e-04     9.60625e-03     5.31308e-04    -1.60460e-03
 472     1.71884e-01     2.16346e-03    -4.89170e-04     9.98327e-03     4.25822e-04    -2.12537e-03
 473     1.76056e-01     2.24233e-03    -5.79074e-04     1.02883e-02     2.99619e-04    -2.56338e-03
 474     1.79623e-01     2.33625e-03    -6.72127e-04     1.05162e-02     1.52648e-04    -2.85946e-03
 475     1.82223e-01     2.44774e-03    -7.63513e-04     1.06708e-02    -1.25317e-05    -2.96891e-03
 476     1.83639e-01     2.57637e-03    -8.48066e-04     1.07619e-02    -1.89947e-04    -2.87016e-03
 477     1.83885e-01     2.71916e-03    -9.20834e-04     1.08055e-02    -3.70291e-04    -2.56953e-03
 478     1.83141e-01     2.87020e-03    -9.77260e-04     1.08157e-02    -5.41829e-04    -2.09796e-03
 479     1.81747e-01     3.02220e-03    -1.01376e-03     1.08046e-02    -6.91944e-04    -1.50405e-03
 480     1.80096e-01     3.16708e-03    -1.02786e-03     1.07782e-02    -8.08706e-04    -8.43911e-04
 481     1.78602e-01     3.29751e-03    -1.01855e-03     1.07381e-02    -8.82431e-04    -1.72537e-04
 482     1.77611e-01     3.40704e-03    -9.86205e-04     1.06811e-02    -9.06609e-04     4.62915e-04
 483     1.77393e-01     3.49071e-03    -9.32730e-04     1.06011e-02    -8.78633e-04     1.02641e-03
 484     1.78134e-01     3.54540e-03    -8.61592e-04     1.04923e-02    -8.00202e-04     1.49425e-03
 485     1.79929e-01     3.56943e-03    -7.77596e-04     1.03490e-02    -6.77247e-04     1.85442e-03
 486     1.82762e-01     3.56193e-03    -6.86535e-04     1.01658e-02    -5.19599e-04     2.10476e-03
 487     1.86541e-01     3.52292e-03    -5.94833e-04     9.93960e-03    -3.40520e-04     2.25100e-03
 488     1.91085e-01     3.45257e-03    -5.08776e-04     9.66841e-03    -1.55715e-04     2.30426e-03
 489     1.96155e-01     3.35131e-03    -4.33659e-04     9.35299e-03     1.79862e-05     2.27900e-03
 490     2.01441e-01     3.21922e-03    -3.72641e-04     8.99585e-03     1.64450e-04     2.19069e-03
 491     2.06532e-01     3.05542e-03    -3.25607e-04     8.59978e-03     2.70264e-04     2.05351e-03
 492     2.11055e-01     2.86037e-03    -2.88587e-04     8.17371e-03     3.27058e-04     1.88057e-03
 493     2.14560e-01     2.63452e-03    -2.53335e-04     7.72723e-03     3.33291e-04     1.68202e-03
 494     2.16663e-01     2.38098e-03    -2.08328e-04     7.27534e-03     2.95401e-04     1.46669e-03
 495     2.17089e-01     2.10654e-03    -1.40724e-04     6.83757e-03     2.27371e-04     1.24324e-03
 496     2.15691e-01     1.82204e-03    -3.92578e-05     6.43557e-03     1.48429e-04     1.02156e-03
 497     2.12559e-01     1.54294e-03     1.02617e-04     6.09274e-03     7.93384e-05     8.14302e-04
 498     2.07927e-01     1.28720e-03     2.84497e-04     5.82806e-03     3.79747e-05     6.36562e-04
 499     2.02200e-01     1.07362e-03     4.98400e-04     5.65493e-03     3.58499e-05     5.05096e-04
 500     1.95847e-01     9.19209e-04     7.29947e-04     5.57780e-03     7.64047e-05     4.36161e-04
 501     1.89333e-01     8.37225e-04     9.60825e-04     5.59192e-03     1.55424e-04     4.43362e-04
 502     1.83129e-01     8.36347e-04     1.17206e-03     5.68622e-03     2.63072e-04     5.35986e-04
 503     1.77552e-01     9.19797e-04     1.34600e-03     5.84176e-03     3.86451e-04     7.17632e-04
 504     1.72866e-01     1.08604e-03     1.46873e-03     6.03723e-03     5.12155e-04     9.86032e-04
 505     1.69261e-01     1.32908e-03     1.53112e-03     6.25046e-03     6.28194e-04     1.33307e-03
 506     1.66817e-01     1.63845e-03     1.52900e-03     6.45867e-03     7.25021e-04     1.74466e-03
 507     1.65609e-01     2.00013e-03     1.46438e-03     6.64379e-03     7.96502e-04     2.20177e-03
 508     1.65636e-01     2.39607e-03     1.34489e-03     6.79128e-03     8.39888e-04     2.68031e-03
 509     1.66881e-01     2.80527e-03     1.18419e-03     6.89453e-03     8.56062e-04     3.15282e-03
 510     1.69264e-01     3.20393e-03     1.00106e-03     6.95452e-03     8.49050e-04     3.58928e-03
 511     1.72682e-01     3.56785e-03     8.18482e-04     6.98328e-03     8.25775e-04     3.96042e-03
 512     1.76960e-01     3.87367e-03     6.61038e-04     7.00186e-03     7.94962e-04     4.23992e-03
 513     1.81897e-01     4.10268e-03     5.51914e-04     7.04069e-03     7.66190e-04     4.40902e-03
 514     1.87254e-01     4.24324e-03     5.08841e-04     7.13499e-03     7.48346e-04     4.45959e-03
 515     1.92751e-01     4.29239e-03     5.40231e-04     7.31835e-03     7.48053e-04     4.39574e-03
 516     1.98132e-01     4.25753e-03     6.42524e-04     7.61765e-03     7.68623e-04     4.23511e-03
 517     2.03152e-01     4.15440e-03     7.99244e-04     8.04538e-03     8.09234e-04     4.00582e-03
 518     2.07633e-01     4.00505e-03     9.82658e-04     8.59667e-03     8.65155e-04     3.74310e-03
 519     2.11429e-01     3.83288e-03     1.15729e-03     9.24596e-03     9.28332e-04     3.48282e-03
 520     2.14445e-01     3.65920e-03     1.28517e-03     9.94964e-03     9.88758e-04     3.25668e-03
 521     2.16642e-01     3.50010e-03     1.33164e-03     1.06512e-02     1.03604e-03     3.08779e-03
 522     2.18026e-01     3.36469e-03     1.27085e-03     1.12887e-02     1.06094e-03     2.98777e-03
 523     2.18621e-01     3.25461e-03     1.09012e-03     1.18022e-02     1.05661e-03     2.95551e-03
 524     2.18490e-01     3.16573e-03     7.92699e-04     1.21440e-02     1.01964e-03     2.97830e-03
 525     2.17674e-01     3.08987e-03     3.97998e-04     1.22834e-02     9.50379e-04     3.03375e-03
 526     2.16316e-01     3.01950e-03    -6.02865e-05     1.22184e-02     8.53454e-04     3.09537e-03
 527     2.14563e-01     2.94917e-03    -5.39463e-04     1.19717e-02     7.36732e-04     3.13603e-03
 528     2.12542e-01     2.87711e-03    -9.93992e-04     1.15857e-02     6.10254e-04     3.13212e-03
 529     2.10476e-01     2.80752e-03    -1.38254e-03     1.11217e-02     4.85340e-04     3.06882e-03
 530     2.08538e-01     2.74782e-03    -1.67303e-03     1.06430e-02     3.72834e-04     2.93979e-03
 531     2.06958e-01     2.70846e-03    -1.84631e-03     1.02113e-02     2.82378e-04     2.74861e-03
 532     2.05855e-01     2.69861e-03    -1.89533e-03     9.87182e-03     2.21496e-04     2.50486e-03
 533     2.05388e-01     2.72616e-03    -1.82479e-03     9.65659e-03     1.95589e-04     2.22385e-03
 534     2.05648e-01     2.79489e-03    -1.64757e-03     9.57867e-03     2.07740e-04     1.92267e-03
 535     2.06668e-01     2.90375e-03    -1.38195e-03     9.63368e-03     2.58723e-04     1.61826e-03
 536     2.08452e-01     3.04694e-03    -1.04942e-03     9.80326e-03     3.46911e-04     1.32599e-03
 537     2.10916e-01     3.21351e-03    -6.72600e-04     1.00554e-02     4.67922e-04     1.05802e-03
 538     2.13904e-01     3.38834e-03    -2.74385e-04     1.03479e-02     6.14203e-04     8.22594e-04
 539     2.17225e-01     3.55421e-03     1.22810e-04     1.06342e-02     7.74867e-04     6.23517e-04
 540     2.20623e-01     3.69341e-03     4.98031e-04     1.08657e-02     9.35814e-04     4.59577e-04
 541     2.23778e-01     3.78998e-03     8.32649e-04     1.09967e-02     1.08055e-03     3.24696e-04
 542     2.26433e-01     3.83417e-03     1.11191e-03     1.09958e-02     1.19257e-03     2.09049e-04
 543     2.28314e-01     3.82250e-03     1.32584e-03     1.08450e-02     1.25751e-03     1.00664e-04
 544     2.29296e-01     3.76064e-03     1.47050e-03     1.05496e-02     1.26668e-03    -1.18949e-05
 545     2.29360e-01     3.66101e-03     1.54761e-03     1.01337e-02     1.21884e-03    -1.36986e-04
 546     2.28607e-01     3.54016e-03     1.56337e-03     9.63685e-03     1.12096e-03    -2.77846e-04
 547     2.27228e-01     3.41508e-03     1.52643e-03     9.10623e-03     9.87084e-04    -4.31727e-04
 548     2.25463e-01     3.29986e-03     1.44568e-03     8.58924e-03     8.35900e-04    -5.90288e-04
 549     2.23543e-01     3.20347e-03     1.32835e-03     8.12721e-03     6.87720e-04    -7.40950e-04
 550     2.21688e-01     3.12960e-03     1.17924e-03     7.75341e-03     5.61673e-04    -8.68889e-04
 551     2.20037e-01     3.07665e-03     1.00017e-03     7.49015e-03     4.73110e-04    -9.58915e-04
 552     2.18663e-01     3.03960e-03     7.90777e-04     7.35038e-03     4.31846e-04    -9.97508e-04
 553     2.17602e-01     3.01213e-03     5.49829e-04     7.33934e-03     4.40861e-04    -9.74785e-04
 554     2.16847e-01     2.98825e-03     2.76677e-04     7.45514e-03     4.95520e-04    -8.86128e-04
 555     2.16343e-01     2.96350e-03    -2.69331e-05     7.68869e-03     5.83551e-04    -7.33445e-04
 556     2.16055e-01     2.93651e-03    -3.55119e-04     8.02605e-03     6.86225e-04    -5.26130e-04
 557     2.15959e-01     2.90859e-03    -6.96815e-04     8.44800e-03     7.80604e-04    -2.80643e-04
 558     2.16064e-01     2.88304e-03    -1.03556e-03     8.93181e-03     8.43015e-04    -1.90625e-05
 559     2.16389e-01     2.86304e-03    -1.35022e-03     9.45151e-03     8.52904e-04     2.33535e-04
 560     2.17011e-01     2.85051e-03    -1.61707e-03     9.98233e-03     7.96719e-04     4.52255e-04
 561     2.17988e-01     2.84350e-03    -1.81191e-03     1.04999e-02     6.70097e-04     6.15384e-04
 562     2.19415e-01     2.83635e-03    -1.91307e-03     1.09857e-02     4.78827e-04     7.06678e-04
 563     2.21318e-01     2.81858e-03    -1.90280e-03     1.14233e-02     2.37535e-04     7.16035e-04
 564     2.23735e-01     2.77732e-03    -1.76962e-03     1.18038e-02    -3.23321e-05     6.39511e-04
 565     2.26641e-01     2.69835e-03    -1.50880e-03     1.21226e-02    -3.05555e-04     4.78075e-04
 566     2.29990e-01     2.56914e-03    -1.12342e-03     1.23810e-02    -5.56076e-04     2.36422e-04
 567     2.33683e-01     2.38095e-03    -6.24793e-04     1.25844e-02    -7.59705e-04    -7.82896e-05
 568     2.37602e-01     2.13161e-03    -3.30915e-05     1.27428e-02    -8.96550e-04    -4.57148e-04
 569     2.41602e-01     1.82738e-03     6.22481e-04     1.28701e-02    -9.53039e-04    -8.89835e-04
 570     2.45544e-01     1.48412e-03     1.30427e-03     1.29838e-02    -9.23617e-04    -1.36465e-03
 571     2.49235e-01     1.12652e-03     1.96751e-03     1.30993e-02    -8.11520e-04    -1.86788e-03
 572     2.52534e-01     7.86739e-04     2.56391e-03     1.32338e-02    -6.29347e-04    -2.38399e-03
 573     2.55314e-01     4.99858e-04     3.04641e-03     1.33994e-02    -3.97807e-04    -2.89554e-03
 574     2.57443e-01     2.98342e-04     3.37475e-03     1.35998e-02    -1.43362e-04    -3.38325e-03
 575     2.58902e-01     2.06034e-04     3.52288e-03     1.38340e-02     1.05203e-04    -3.82850e-03
 576     2.59685e-01     2.32740e-04     3.48228e-03     1.40900e-02     3.21122e-04    -4.21372e-03
 577     2.59884e-01     3.71657e-04     3.26479e-03     1.43518e-02     4.83471e-04    -4.52535e-03
 578     2.59631e-01     6.00030e-04     2.90004e-03     1.45991e-02     5.79733e-04    -4.75449e-03
 579     2.59134e-01     8.83157e-04     2.43119e-03     1.48152e-02     6.06594e-04    -4.89854e-03
 580     2.58602e-01     1.18023e-03     1.90764e-03     1.49871e-02     5.68733e-04    -4.96011e-03
 581     2.58206e-01     1.45040e-03     1.37868e-03     1.51068e-02     4.76434e-04    -4.94577e-03
 582     2.58181e-01     1.65882e-03     8.89328e-04     1.51799e-02     3.43121e-04    -4.86742e-03
 583     2.58679e-01     1.77993e-03     4.76087e-04     1.52174e-02     1.82576e-04    -4.73878e-03
 584     2.59786e-01     1.79971e-03     1.65929e-04     1.52364e-02     7.25558e-06    -4.57514e-03
 585     2.61527e-01     1.71673e-03    -2.40243e-05     1.52591e-02    -1.72675e-04    -4.39309e-03
 586     2.63844e-01     1.54202e-03    -8.64215e-05     1.53088e-02    -3.49643e-04    -4.20966e-03
 587     2.66586e-01     1.29799e-03    -2.34233e-05     1.54070e-02    -5.18426e-04    -4.04142e-03
 588     2.69527e-01     1.01620e-03     1.53656e-04     1.55697e-02    -6.75613e-04    -3.90318e-03
 589     2.72344e-01     7.33518e-04     4.25107e-04     1.58016e-02    -8.18770e-04    -3.80531e-03
 590     2.74730e-01     4.87346e-04     7.64510e-04     1.60981e-02    -9.45932e-04    -3.75264e-03
 591     2.76386e-01     3.09412e-04     1.14152e-03     1.64403e-02    -1.05490e-03    -3.74137e-03
 592     2.77082e-01     2.20551e-04     1.52550e-03     1.67983e-02    -1.14294e-03    -3.75832e-03
 593     2.76744e-01     2.27451e-04     1.88954e-03     1.71376e-02    -1.20692e-03    -3.78199e-03
 594     2.75390e-01     3.22345e-04     2.21300e-03     1.74202e-02    -1.24323e-03    -3.78376e-03
 595     2.73251e-01     4.85847e-04     2.48370e-03     1.76186e-02    -1.24864e-03    -3.73305e-03
 596     2.70606e-01     6.91446e-04     2.69649e-03     1.77123e-02    -1.22008e-03    -3.59908e-03
 597     2.67761e-01     9.10418e-04     2.85144e-03     1.76906e-02    -1.15497e-03    -3.35468e-03
 598     2.65097e-01     1.11633e-03     2.95229e-03     1.75602e-02    -1.05189e-03    -2.98026e-03
 599     2.62903e-01     1.28761e-03     3.00279e-03     1.73352e-02    -9.10191e-04    -2.46478e-03
 600     2.61508e-01     1.40990e-03     3.00653e-03     1.70463e-02    -7.30947e-04    -1.80976e-03
 601     2.61227e-01     1.47689e-03     2.96571e-03     1.67373e-02    -5.16970e-04    -1.03041e-03
 602     2.62305e-01     1.49006e-03     2.88031e-03     1.64585e-02    -2.72864e-04    -1.56076e-04
 603     2.65002e-01     1.45855e-03     2.74950e-03     1.62694e-02    -5.18352e-06     7.70148e-04
 604     2.69550e-01     1.39764e-03     2.57199e-03     1.62307e-02     2.78081e-04     1.69495e-03
 605     2.76120e-01     1.32652e-03     2.34655e-03     1.63956e-02     5.68122e-04     2.55973e-03
 606     2.84892e-01     1.26633e-03     2.07356e-03     1.68082e-02     8.56234e-04     3.30763e-03
 607     2.95930e-01     1.23718e-03     1.75444e-03     1.74904e-02     1.13435e-03     3.88888e-03
 608     3.09311e-01     1.25674e-03     1.39314e-03     1.84458e-02     1.39588e-03     4.26749e-03
 609     3.24929e-01     1.33814e-03     9.95284e-04     1.96470e-02     1.63511e-03     4.42223e-03
 610     3.42489e-01     1.48918e-03     5.69394e-04     2.10353e-02     1.84672e-03     4.34861e-03
 611     3.61436e-01     1.71145e-03     1.27947e-04     2.25181e-02     2.02499e-03     4.05963e-03
 612     3.80854e-01     1.99918e-03    -3.11380e-04     2.39675e-02     2.16289e-03     3.58626e-03
 613     3.99401e-01     2.33798e-03    -7.24784e-04     2.52243e-02     2.25176e-03     2.97772e-03
 614     4.15406e-01     2.70430e-03    -1.08310e-03     2.61173e-02     2.28239e-03     2.30019e-03
 615     4.26965e-01     3.06590e-03    -1.35501e-03     2.64882e-02     2.24644e-03     1.62967e-03
 616     4.32570e-01     3.38750e-03    -1.51429e-03     2.62483e-02     2.14075e-03     1.04036e-03
 617     4.31504e-01     3.63780e-03    -1.54766e-03     2.54119e-02     1.96949e-03     5.86432e-04
 618     4.24126e-01     3.79693e-03    -1.46001e-03     2.41041e-02     1.74455e-03     2.87309e-04
 619     4.11895e-01     3.86140e-03    -1.27395e-03     2.25360e-02     1.48344e-03     1.23719e-04
 620     3.97022e-01     3.84336e-03    -1.02331e-03     2.09510e-02     1.20506e-03     4.63189e-05
 621     3.81648e-01     3.76209e-03    -7.43294e-04     1.95553e-02     9.24709e-04    -8.11598e-06
 622     3.67712e-01     3.63979e-03    -4.64327e-04     1.85019e-02     6.52977e-04    -1.01209e-04
 623     3.56557e-01     3.49450e-03    -2.08354e-04     1.78752e-02     3.95135e-04    -2.83568e-04
 624     3.49030e-01     3.33855e-03     1.08102e-05     1.77067e-02     1.52748e-04    -5.91447e-04
 625     3.45634e-01     3.17860e-03     1.85737e-04     1.79941e-02    -7.46022e-05    -1.04719e-03
 626     3.46611e-01     3.01608e-03     3.13363e-04     1.87126e-02    -2.87799e-04    -1.66063e-03
 627     3.52082e-01     2.84873e-03     3.93350e-04     1.98257e-02    -4.86917e-04    -2.42988e-03
 628     3.62060e-01     2.67157e-03     4.27060e-04     2.12857e-02    -6.70195e-04    -3.34031e-03
 629     3.76513e-01     2.47879e-03     4.17287e-04     2.30357e-02    -8.33373e-04    -4.36250e-03
 630     3.95301e-01     2.26518e-03     3.68438e-04     2.50042e-02    -9.69246e-04    -5.44877e-03
 631     4.18165e-01     2.02849e-03     2.87183e-04     2.71045e-02    -1.06790e-03    -6.53112e-03
 632     4.44618e-01     1.77161e-03     1.83107e-04     2.92319e-02    -1.11756e-03    -7.52114e-03
 633     4.73674e-01     1.50429e-03     6.91202e-05     3.12545e-02    -1.10619e-03    -8.31192e-03
 634     5.04083e-01     1.24590e-03    -3.86493e-05     3.30429e-02    -1.02544e-03    -8.79581e-03
 635     5.34036e-01     1.02370e-03    -1.22402e-04     3.44682e-02    -8.73904e-04    -8.88018e-03
 636     5.61358e-01     8.69507e-04    -1.65316e-04     3.54289e-02    -6.60880e-04    -8.51350e-03
 637     5.84024e-01     8.13262e-04    -1.55165e-04     3.58885e-02    -4.07969e-04    -7.71024e-03
 638     6.00296e-01     8.74303e-04    -8.73613e-05     3.58712e-02    -1.46121e-04    -6.55278e-03
 639     6.09136e-01     1.05521e-03     3.37602e-05     3.54604e-02     9.03467e-05    -5.17808e-03
 640     6.10330e-01     1.34001e-03     1.96136e-04     3.47734e-02     2.71510e-04    -3.74589e-03
 641     6.04492e-01     1.69779e-03     3.83108e-04     3.39340e-02     3.78337e-04    -2.40332e-03
 642     5.92809e-01     2.08979e-03     5.77165e-04     3.30443e-02     4.05802e-04    -1.25719e-03
 643     5.76779e-01     2.47732e-03     7.62987e-04     3.21721e-02     3.62237e-04    -3.62623e-04
 644     5.57937e-01     2.82783e-03     9.29096e-04     3.13484e-02     2.65947e-04     2.73800e-04
 645     5.37573e-01     3.11776e-03     1.06800e-03     3.05686e-02     1.40679e-04     6.81389e-04
 646     5.16895e-01     3.33478e-03     1.17612e-03     2.98183e-02     1.13455e-05     9.10141e-04
 647     4.96933e-01     3.47690e-03     1.25301e-03     2.90810e-02    -9.97425e-05     1.01711e-03
 648     4.78289e-01     3.54870e-03     1.29984e-03     2.83326e-02    -1.75422e-04     1.05535e-03
 649     4.61639e-01     3.56227e-03     1.31986e-03     2.75752e-02    -2.05222e-04     1.06840e-03
 650     4.47291e-01     3.53126e-03     1.31665e-03     2.68119e-02    -1.85660e-04     1.08641e-03
 651     4.35499e-01     3.47074e-03     1.29436e-03     2.60633e-02    -1.19801e-04     1.12667e-03
 652     4.26436e-01     3.39497e-03     1.25730e-03     2.53618e-02    -1.60297e-05     1.19526e-03
 653     4.20191e-01     3.31597e-03     1.20949e-03     2.47456e-02     1.13580e-04     1.28970e-03
 654     4.16709e-01     3.24232e-03     1.15428e-03     2.42499e-02     2.54883e-04     1.40154e-03
 655     4.16010e-01     3.18068e-03     1.09477e-03     2.39148e-02     3.93180e-04     1.51943e-03
 656     4.18067e-01     3.13514e-03     1.03337e-03     2.37736e-02     5.14410e-04     1.63053e-03
 657     4.22771e-01     3.10743e-03     9.71709e-04     2.38474e-02     6.05902e-04     1.72144e-03
 658     4.30036e-01     3.09844e-03     9.11057e-04     2.41490e-02     6.57157e-04     1.77912e-03
 659     4.39804e-01     3.10878e-03     8.52386e-04     2.46803e-02     6.60480e-04     1.79126e-03
 660     4.51933e-01     3.13845e-03     7.96349e-04     2.54245e-02     6.11456e-04     1.74614e-03
 661     4.66152e-01     3.18683e-03     7.43445e-04     2.63422e-02     5.09626e-04     1.63306e-03
 662     4.82266e-01     3.25404e-03     6.94573e-04     2.73830e-02     3.59497e-04     1.44415e-03
 663     4.99858e-01     3.33861e-03     6.50671e-04     2.84710e-02     1.70650e-04     1.17486e-03
 664     5.18479e-01     3.43815e-03     6.13059e-04     2.95216e-02    -4.21489e-05     8.26371e-04
 665     5.37527e-01     3.54794e-03     5.83157e-04     3.04431e-02    -2.60054e-04     4.07011e-04
 666     5.56263e-01     3.66054e-03     5.62245e-04     3.11506e-02    -4.62152e-04    -6.64791e-05
 667     5.73819e-01     3.76572e-03     5.51083e-04     3.15776e-02    -6.28358e-04    -5.68887e-04
 668     5.89190e-01     3.85118e-03     5.49488e-04     3.16864e-02    -7.42614e-04    -1.06793e-03
 669     6.01440e-01     3.90512e-03     5.56218e-04     3.14814e-02    -7.95865e-04    -1.52761e-03
 670     6.09594e-01     3.91735e-03     5.68803e-04     3.09983e-02    -7.87395e-04    -1.91235e-03
 671     6.13068e-01     3.88366e-03     5.84201e-04     3.03127e-02    -7.25041e-04    -2.19277e-03
 672     6.11572e-01     3.80598e-03     5.99247e-04     2.95151e-02    -6.22972e-04    -2.34961e-03
 673     6.05457e-01     3.69438e-03     6.11686e-04     2.87096e-02    -4.98822e-04    -2.37734e-03
 674     5.95620e-01     3.56496e-03     6.20719e-04     2.79951e-02    -3.70052e-04    -2.28397e-03
 675     5.83294e-01     3.43664e-03     6.27180e-04     2.74507e-02    -2.51096e-04    -2.08808e-03
 676     5.70030e-01     3.32917e-03     6.33598e-04     2.71398e-02    -1.52032e-04    -1.81549e-03
 677     5.57484e-01     3.26059e-03     6.43792e-04     2.71092e-02    -7.84440e-05    -1.49493e-03
 678     5.47094e-01     3.24486e-03     6.62181e-04     2.73854e-02    -3.22845e-05    -1.15459e-03
 679     5.40102e-01     3.29199e-03     6.93380e-04     2.79826e-02    -1.32184e-05    -8.21275e-04
 680     5.37442e-01     3.40750e-03     7.41607e-04     2.89013e-02    -1.97745e-05    -5.20468e-04
 681     5.39669e-01     3.59172e-03     8.09981e-04     3.01231e-02    -5.00847e-05    -2.77251e-04
 682     5.46812e-01     3.83805e-03     8.99459e-04     3.15985e-02    -1.02050e-04    -1.16845e-04
 683     5.58327e-01     4.13143e-03     1.00764e-03     3.32387e-02    -1.72949e-04    -6.34245e-05
 684     5.72721e-01     4.44473e-03     1.12696e-03     3.48931e-02    -2.58570e-04    -1.35734e-04
 685     5.87738e-01     4.74067e-03     1.24431e-03     3.63651e-02    -3.52416e-04    -3.39510e-04
 686     6.00698e-01     4.97779e-03     1.34253e-03     3.74481e-02    -4.45701e-04    -6.59302e-04
 687     6.09319e-01     5.12274e-03     1.40486e-03     3.79943e-02    -5.28837e-04    -1.05587e-03
 688     6.12435e-01     5.16129e-03     1.42010e-03     3.79675e-02    -5.93913e-04    -1.47388e-03
 689     6.10952e-01     5.10768e-03     1.38731e-03     3.74937e-02    -6.37516e-04    -1.85947e-03
 690     6.07398e-01     4.99717e-03     1.31441e-03     3.68096e-02    -6.61223e-04    -2.17618e-03
 691     6.05562e-01     4.87679e-03     1.21438e-03     3.62165e-02    -6.70667e-04    -2.41267e-03
 692     6.09939e-01     4.79547e-03     1.10003e-03     3.60338e-02    -6.73570e-04    -2.57947e-03
 693     6.26544e-01     4.80759e-03     9.81512e-04     3.66469e-02    -6.79213e-04    -2.70476e-03
 694     6.64940e-01     4.98731e-03     8.64592e-04     3.86363e-02    -6.99462e-04    -2.83281e-03
 695     7.45911e-01     5.48457e-03     7.50623e-04     4.32435e-02    -7.55504e-04    -3.04268e-03
 696     9.29749e-01     6.72710e-03     6.32704e-04     5.40738e-02    -9.03306e-04    -3.53067e-03
 697     1.51289e+00     1.08166e-02     4.68498e-04     8.88852e-02    -1.41084e-03    -5.20364e-03
 698     6.12453e+01     4.34534e-01    -8.23811e-03     3.66911e+00    -5.51650e-02    -1.85475e-01
 699    -9.90388e-01    -7.00150e-03     7.03295e-04    -6.13378e-02     8.74071e-04     2.55921e-03
 700    -3.65065e-01    -2.58117e-03     5.63907e-04    -2.39079e-02     3.24595e-04     7.74626e-04
